0.00000000 0.20760520
-0.03767972 4.23847770
0.20597973 9.67541821
0.38886735 15.09402595
0.50554540 18.74525564
0.47786234 22.92433201
0.67541998 27.21654374
0.73719879 34.18261372
0.77491055 30.68680789
1.03738239 25.76559200
1.15289326 20.17196329
1.20792066 14.27926509
1.24508773 17.03612551
1.20567782 22.99876112
1.35934444 27.20881358
1.29921342 31.99586631
1.31857051 36.77279330
1.37411514 42.10135634
1.39175577 46.73805362
1.39175577 51.46358117
1.44286507 57.03847783
1.46539875 62.90661032
1.44396360 66.57797503
1.64620831 73.03864020
1.51372052 78.23196984
1.58635651 82.62233349
1.56699943 87.74915826
1.56699943 92.74655557
1.65480892 99.99222825
1.82928360 95.30296701
1.73523077 90.16764960
1.79317387 85.28194032
1.78277441 80.09950721
1.78277441 74.82165045
1.85749304 69.82224020
1.74034811 64.99358658
1.72372820 59.38916115
1.72372820 53.98872539
1.70437112 48.34995234
1.68709667 44.29260655
1.84604083 38.95164420
1.85227958 32.82452370
1.79379180 28.30345716
1.74024283 23.55397943
1.74024283 18.67949939
1.69012679 13.09660640
1.67261433 8.31180507
1.65338083 3.15422602
1.63194568 0.38742841
2.17956036 0.30015637
3.16948150 0.58987648
3.07817043 6.62006502
3.19819444 11.47784259
3.36956119 15.97830277
3.27387886 21.41975716
3.42666207 27.57511437
3.31121071 33.91864602
3.46816836 41.12644703
3.49536623 47.31817036
3.42523856 52.88120006
3.39199417 58.75122905
3.57718871 66.43127393
3.57850695 71.88964706
3.52558965 76.41781714
3.68960079 85.30944504
3.68960079 80.40175970
3.73937812 74.33348600
3.70418841 68.82234927
3.65864044 62.75102565
3.79657513 55.90590989
3.75539383 49.70526971
3.71044090 42.96843162
3.68900575 36.62137315
3.66439401 29.44133196
3.86087600 23.89664613
3.79887290 18.96899769
3.87941834 11.39232287
4.08795673 16.58154343
4.01183289 21.43838939
4.05960997 27.91802506
3.89244054 34.40264041
4.06923130 40.11345254
4.16646530 45.06482381
4.37563536 51.46255529
4.28327610 46.81889310
4.28327610 41.73769512
4.28327610 36.00795130
4.32094209 29.88315983
4.29325445 34.51013064
4.40043476 39.94632808
4.40043476 44.37812627
4.44111714 49.03564618
4.41343408 53.70422342
4.40008232 57.64387562
4.45228100 63.41276930
4.51792299 69.75040075
4.49707373 75.44181540
4.70374004 83.75098090
4.74143806 78.15062573
4.82729766 72.98368066
4.81924632 66.17505303
4.81924632 59.59298445
4.81924632 54.24677625
4.68231404 47.30139580
4.72246546 41.26170815
4.79332092 36.41507665
4.90759135 31.37239636
4.99919994 25.20898737
5.10618343 27.57644524
5.30491741 33.37125769
5.23724771 37.37793047
5.18988716 43.03749287
5.27421338 47.53797523
5.42896022 40.99762955
5.43607323 35.11034357
5.47476452 29.15554902
5.54225571 24.10997408
5.70747067 18.06115331
5.87125295 10.67013537
5.95114842 16.19075456
6.09906146 20.13169328
6.26062379 24.49736922
6.48052286 28.22585614
6.50404065 33.01253178
6.64041908 37.25821838
6.74188244 41.66237876
6.97398897 39.52623781
7.15762268 35.98510464
7.09986267 38.09675751
7.08050558 42.63797569
7.26061941 50.40371221
7.32851339 46.20238806
7.45246466 41.01299005
7.43445785 37.29583774
7.37734323 33.21506857
7.47083764 28.29706897
7.45250585 24.85565150
7.50516683 30.69054542
7.56528869 35.06624729
7.77385455 40.00664993
7.57470404 44.65834172
7.61341822 49.10947085
7.68188436 53.95392859
7.63349393 59.37660658
7.85808923 65.71007904
7.92073314 71.95647910
7.88872460 78.53766043
7.85102200 83.91355820
8.11650108 74.04934447
7.97661191 69.01349600
7.99520460 63.13461671
8.03653695 56.79414606
8.09295125 51.71437876
8.05007638 46.65345442
8.01291388 41.81118152
8.08553157 36.21053246
8.15553108 30.28051434
8.13617399 25.03785920
8.13617399 20.47523613
8.31098281 17.13219241
8.58149226 22.54288144
8.61865476 26.99744866
8.53826494 32.26402626
8.75695562 37.83613918
8.71371915 43.48267011
8.71371915 47.34819819
8.85386007 52.36740520
8.73172596 59.30909247
8.83869572 63.65197166
9.01837928 69.60583459
8.96423986 73.84887608
8.86555945 79.77500139
8.92345678 85.06727040
8.88574502 90.78765927
9.03853738 94.50185593
9.03853738 97.75752780
9.20733173 87.75923963
9.18381852 81.99771012
9.10691656 76.43882831
9.26832784 71.40021273
9.11681252 66.46148477
9.15339370 62.50227427
9.15339370 58.65050409
9.13540979 54.32693921
9.19108258 50.51529487
9.19108258 46.49224126
9.17275079 42.11242478
9.24812854 38.08715304
9.20703421 34.45547609
9.15496369 30.45669983
9.32151062 25.72415747
9.21677455 20.98806611
9.34889158 16.60128473
9.26364076 12.17577492
9.28162010 4.48521058
9.40512280 10.62326643
9.44390563 14.66903363
9.42247048 18.37891049
9.38810010 23.61345839
9.52033614 27.54756529
9.52033614 32.69257867
9.48419437 35.77023509
9.61130392 40.33831474
9.58840864 44.87793587
9.70787880 48.90728896
9.68955159 54.49507846
9.78836016 50.93176960
9.78836016 46.53978672
9.82472164 43.02733387
9.82472164 38.88606540
9.82472164 34.00595133
9.77637241 29.30589338
9.80197283 24.13659156
9.78053768 19.83051657
9.83177057 13.67829800
10.06064558 11.31601944
10.30220407 15.08137156
10.23722578 17.20002260
10.33665227 13.82845382
10.33665227 10.06541965
10.41056531 3.30474783
10.67349945 8.59295213
10.75919885 12.86849465
10.75919885 16.65256772
10.77855593 20.43537646
10.82143081 24.97806970
10.88152062 29.81093775
10.94557889 33.93805460
10.94557889 38.84433142
11.05738678 42.02327842
11.14367206 35.66498516
11.20781730 32.00362974
11.31607326 26.86926335
11.35524973 21.03055425
11.34576114 15.05093891
11.34576114 10.35446323
11.34576114 6.35425628
11.97716194 9.52418660
11.99859709 12.56741776
12.16672316 16.08883182
12.15090427 21.60745471
12.15090427 26.32484729
12.16924063 30.68335871
12.26481768 35.64751745
12.23266725 42.60192011
12.40483501 46.29453997
12.51746680 38.85833887
12.48056978 33.70932178
12.60612308 28.72434595
12.58686211 24.10794450
12.64256695 18.86032076
12.55995718 14.05796299
12.78864452 9.96754498
13.11713369 7.69696362
13.30004420 11.02597771
13.42841249 14.27314307
13.42841249 16.65463058
13.35233900 20.28234817
13.46948393 24.35893618
13.40641434 29.43464432
13.61615655 26.14418120
13.74145352 21.76800244
13.74145352 17.75677142
13.65280639 12.71710778
13.56546377 7.32150198
13.63638788 0.27807496
13.73253251 4.75485668
13.78427346 10.56319967
13.82317988 15.12221829
13.81904665 20.10883552
13.85419058 24.22816675
13.81850653 28.31458105
13.90632976 32.72870080
13.93297379 37.22931624
13.90948347 42.24992621
14.01551032 48.26680046
14.03788380 56.61631916
14.12148682 63.34471729
14.12148682 66.60221911
14.19299682 58.17124540
14.15760113 54.10834321
14.15760113 50.30885419
14.15760113 45.71554339
14.10727454 39.81910765
14.10727454 35.17537893
14.10727454 30.86759598
14.22525710 27.05775942
14.26058871 21.53903671
14.38838484 26.06783341
14.54027092 28.07822898
14.57560252 23.58160615
14.49029219 19.51555423
14.49029219 15.78767730
14.53158334 10.83625058
14.53158334 6.90989603
14.62407992 2.61597635
14.64206384 0.58480807
14.69368578 5.51856743
14.84800237 8.96591838
14.81066594 12.30088813
14.91772724 16.50787958
14.91772724 19.85132256
15.01621540 24.33318378
14.96028629 29.24871018
14.96028629 34.05857630
14.96028629 39.29804843
15.05984552 44.90440917
15.08472732 49.78012026
15.08472732 54.92368077
15.06537023 59.57332634
15.10616246 64.22608837
15.14486748 69.71894776
15.14486748 74.79205515
15.08467239 79.82434908
15.15952376 83.50131454
15.30628334 77.06947388
15.25924777 72.54576223
15.25924777 67.24306250
15.22840642 62.25110514
15.22837438 57.10149470
15.25552649 52.62155216
15.29322909 47.74972832
15.29322909 41.75700388
15.25227208 36.93637986
15.40456553 31.33876962
15.34398595 27.00406976
15.22997641 22.32499524
15.35401922 18.69463808
15.31839926 15.19399674
15.31839926 11.22302465
15.31839926 8.20129819
15.28060968 5.81617297
15.50338325 6.48554696
15.57978172 3.63175458
15.69659251 1.25382716
16.13093918 0.66901910
16.24134643 2.91495712
16.35202375 5.06465079
16.70898326 2.37446714
17.63415954 2.22474386
17.67495178 4.31269609
17.82079591 9.63660107
17.88489080 13.29965336
18.03445622 19.72257162
18.07205355 23.36621534
18.09140606 21.07354147
18.23770792 18.35234847
18.21835541 15.29807106
18.42286585 16.78369205
18.50444574 20.40923589
18.57456883 24.85438717
18.67715361 31.39527630
18.65883098 35.03192184
18.69238662 26.69408710
18.69238662 22.66809447
18.82190379 18.51133242
18.80356285 15.36947243
18.78423323 11.04903510
18.80256959 7.95276862
18.78423323 4.89722689
18.78423323 2.02653241
19.09807527 0.40903293
19.21490895 3.75039087
19.21490895 6.09113146
19.21490895 9.26872541
19.23580856 13.30454432
19.31966334 16.72121862
19.26497922 20.26049966
19.33332178 23.33442964
19.44613665 26.17399277
19.38909985 29.64409056
19.43141630 34.42416729
19.54725672 38.25763795
19.45471895 42.99029122
19.56474172 46.59516215
19.68428054 40.64799795
19.74098321 36.08389983
19.77733096 31.44481807
19.77733096 27.54046729
19.84868075 22.62224587
19.92166004 20.33135760
20.12255904 25.32614861
20.13266098 30.31788971
20.11432004 33.38728362
20.30005927 27.09107562
20.27850969 22.99371489
20.45705811 18.00328249
20.39878087 13.02018098
20.34257712 9.14326838
20.43934882 5.01643989
21.10560519 2.33665924
22.46968705 2.36128040
23.39347644 4.56125892
23.73287771 7.46463744
23.77190314 10.84564433
23.83829122 14.84632818
24.04234851 19.30184919
23.95302853 22.35171253
24.02282664 28.93186243
24.19703127 24.16129035
24.17867201 20.88300473
24.15950259 17.11032172
24.15950259 12.86419150
24.17880933 9.20967898
24.21653025 4.58908527
24.17612708 0.70597302
24.93446807 0.20339077
25.87006670 0.54945119
25.81045749 4.05107960
25.90430892 7.03361182
25.94718379 9.62817220
25.85046244 12.63408344
26.00405582 16.27106170
25.95123922 20.14788557
26.00200065 24.93686807
26.00920520 29.54164656
26.09481305 33.51733216
26.18637587 38.26179693
26.19916921 42.46360906
26.43955594 48.02617296
26.42114634 44.28261390
26.29300691 39.95556656
26.29300691 35.98999560
26.29300691 31.34736485
26.29300691 27.06629919
26.20517911 22.52320669
26.28004421 18.34377542
26.28004421 14.67807248
26.39389812 9.74928170
26.53856133 5.56561382
27.29342363 3.63067879
28.24032801 4.46302936
28.49132017 6.35511025
28.67340678 9.54170977
28.73542818 12.09286149
28.80350526 7.87243931
28.90774242 5.62281920
28.90774242 2.57824608
29.03875177 0.24357206
30.00000000 19.17028951
49.79591837 24.69817807
69.59183673 29.19760264
89.38775510 33.09078422
109.18367347 36.57184710
128.97959184 39.74921383
148.77551020 42.69074841
168.57142857 45.44227107
188.36734694 48.03644450
208.16326531 50.49752469
227.95918367 52.84411036
247.75510204 55.09083408
267.55102041 57.24945415
287.34693878 59.32958790
307.14285714 61.33922073
326.93877551 63.28506933
346.73469388 65.17284711
366.53061224 67.00746227
386.32653061 68.79316827
406.12244898 70.53367990
425.91836735 72.23226426
445.71428571 73.89181281
465.51020408 75.51489919
485.30612245 77.10382610
505.10204082 78.66066361
524.89795918 80.18728079
544.69387755 81.68537201
564.48979592 83.15647900
584.28571429 84.60200943
604.08163265 86.02325267
623.87755102 87.42139326
643.67346939 88.79752249
663.46938776 90.15264832
683.26530612 91.48770409
703.06122449 92.80355597
722.85714286 94.10100956
742.65306122 95.38081568
762.44897959 96.64367543
782.24489796 97.89024466
802.04081633 99.12113801
821.83673469 100.33693238
841.63265306 101.53817016
861.42857143 102.72536201
881.22448980 103.89898941
901.02040816 105.05950695
920.81632653 106.20734438
940.61224490 107.34290848
960.40816327 108.46658472
980.20408163 109.57873881
1000.00000000 110.67971811
