0.00351732 0.00388593
0.00776193 0.00388593
0.01194199 0.00078785
0.01579650 0.04191220
0.02026144 0.09207994
0.02480796 0.13903940
0.03043303 0.17721730
0.03494029 0.19838103
0.04047307 0.22308884
0.04515774 0.25902603
0.04936814 0.33615777
0.05081807 0.40460769
0.05229086 0.49093002
0.05296838 0.57671853
0.05342779 0.67214800
0.05547359 0.75362937
0.05758166 0.83670466
0.05975325 0.88631823
0.06259090 0.92615867
0.06589645 0.89290004
0.06687304 0.83198555
0.06848017 0.76627339
0.06921376 0.69239651
0.06951321 0.62855353
0.07000777 0.56385258
0.07070608 0.48684962
0.07182329 0.41479091
0.07266554 0.34418312
0.07381335 0.27862454
0.07531545 0.22211541
0.07737416 0.17063416
0.08152193 0.14109222
0.08779640 0.12267158
0.09336549 0.10545831
0.10138614 0.09849955
0.10634217 0.08926540
0.11121125 0.08701011
0.11486508 0.05964454
0.11725044 0.04176714
0.12170582 0.03106573
0.12577250 0.03106573
0.12868200 0.06750848
0.12992207 0.13290138
0.13205242 0.20820464
0.13276343 0.25707026
0.13369177 0.30707447
0.13629654 0.35047917
0.13869942 0.28874679
0.13970102 0.24460828
0.14088571 0.17643176
0.14347625 0.13406058
0.14629357 0.12158793
0.14878319 0.16648318
0.14990920 0.22463255
0.15308778 0.28664740
0.15599189 0.33790715
0.15872469 0.33508159
0.16061248 0.29630497
0.16265134 0.23746197
0.16407944 0.19623008
0.16673972 0.14437980
0.16768692 0.09851697
0.17020329 0.05306833
