0 0.1364857144
0.000108747427555 0.09099047624
0.000308119208816 0.04549523812
0.000507490990377 0.24264127
0.000706862771666 0.4852825399
0.000906234552955 1.091885715
0.001105606334244 1.21320635
0.001304978115533 1.546838096
0.001504349897094 1.94113016
0.001703721678383 3.305987303
0.001903093459672 4.610184129
0.002102465240961 5.065136511
0.002301837022522 5.034806352
0.002501208803811 5.762730162
0.0027005805851 7.643200004
0.002899952365301 9.402349211
0.003099324148767 9.91796191
0.003298695929511 11.58612064
0.003498067710256 13.13295874
0.003697439491001 14.80111747
0.003896811274467 14.52814604
0.004096183055212 14.61913652
0.004295554835956 18.07677461
0.004494926616701 23.05092065
0.004694298397446 27.47912382
0.004893670180912 26.72086985
0.005093041961656 26.38723811
0.005292413742401 26.96351112
0.005491785523146 32.08930795
0.005691157306612 33.09020319
0.005890529087357 36.45685081
0.006089900868101 37.36675557
0.006289272648846 44.34269209
0.006488644429591 45.67721907
0.006688016213057 47.83066034
0.006887387993801 46.16250161
0.007086759774546 53.10810796
0.007286131555291 58.77984765
0.007485503338757 62.2678159
0.007684875119501 61.26692067
0.007884246900246 64.72455876
0.008083618680991 73.64162543
0.008282990461736 78.06982861
0.008482362245202 78.94940321
0.008681734025946 76.37133972
0.008881105806691 82.77100322
0.009080477587436 88.62472385
0.009279849370902 95.75231116
0.009479221151646 94.75141592
0.009678592932391 100.1501842
0.009877964713136 106.5195175
0.010077336493881 116.2251683
0.010276708277347 115.588235
0.010476080058091 117.3777143
0.010675451838836 121.0476636
0.010874823619581 132.8460953
0.011074195403047 137.2439683
0.011273567183791 142.0664636
0.011472938964536 144.7355175
0.011672310745281 157.1102223
0.011871682526026 162.6303112
0.012071054309492 162.7213017
0.012270426090236 157.5955048
0.012469797870981 164.9050731
0.012669169651726 178.3413334
0.012868541435192 191.2923112
0.013067913215936 193.2031112
0.013267284996681 198.6018795
0.013466656777426 206.9730033
0.013666028558171 212.7054033
0.013865400341636 218.9837461
0.014064772122381 220.5912446
0.014264143903126 236.9392001
0.014463515683871 242.5502795
0.014662887467337 249.3139049
0.014862259248081 251.8009779
0.015061631028826 261.567289
0.015261002809571 278.4915176
0.015460374590316 281.8581652
0.015659746373781 292.8680128
0.015859118154526 288.4701398
0.016058489935271 303.7262097
0.016257861716016 299.1463557
0.016457233499482 315.9189335
0.016656605280226 322.2276065
0.016855977060971 346.7343748
0.017055348841716 353.3766795
0.01725472062246 363.4766224
0.017454092405926 364.4775176
0.017653464186671 377.3678351
0.017852835967416 383.8888192
0.018052207748161 401.3286605
0.018251579531626 410.7310097
0.018450951312371 424.3189209
0.018650323093116 420.4973208
0.018849694873861 428.7167939
0.019049066654605 437.5428701
0.019248438438071 459.8961971
0.019447810218816 470.2387812
0.019647181999561 487.1326796
0.019846553780306 499.1737526
0.020045925563771 515.1274161
0.020245297344516 515.7946796
0.020444669125261 525.8946225
0.020644040906006 539.9981463
0.02084341268675 569.2060892
0.021042784470216 575.5450924
0.021242156250961 581.7021146
0.021441528031706 585.3114035
0.02164089981245 617.4613717
0.021840271595916 629.7754162
0.022039643376661 644.060921
0.022239015157406 649.1867178
0.022438386938151 679.4865464
0.022637758718895 697.4723305
0.022837130502361 708.9068004
0.023036502283106 719.9773083
0.023235874063851 736.1129528
0.023435245844595 753.8864258
0.023634617628061 768.7178734
0.023833989408806 790.221956
0.024033361189551 816.7001845
0.024232732970295 836.2024766
0.024432104753761 860.0116512
0.024631476534506 870.9001782
0.024830848315251 895.4676068
0.025030220095996 909.8441021
0.02522959187674 942.1457211
0.025428963660206 962.2546164
0.025628335440951 989.5214291
0.025827707221696 1012.66334
0.02602707900244 1020.822153
0.026226450785906 1045.05595
0.026425822566651 1072.777715
0.026625194347396 1123.36842
0.026824566128141 1149.846648
0.027023937908885 1179.721855
0.027223309695072 1207.777251
0.027422681473096 1236.19661
0.027622053251119 1261.03701
0.027821425029143 1294.673156
0.028020796807167 1339.865093
0.02822016858519 1379.051658
0.028419540390425 1409.533467
0.028618912168449 1446.32395
0.028818283946472 1493.184045
0.029017655724496 1546.352813
0.02921702750252 1593.819512
0.029416399280543 1635.766121
0.029615771058567 1679.138248
0.02981514283659 1715.352458
0.030014514641825 1781.805836
0.030213886419849 1850.442985
0.030413258197873 1931.151537
0.030612629975896 1996.998312
0.03081200175392 2062.541785
0.031011373531943 2134.697233
0.031210745309967 2196.631417
0.031410117087991 2279.099119
0.031609488893226 2360.899557
0.031808860671249 2462.77856
0.032008232449273 2568.418503
0.032207604227296 2691.771259
0.03240697600532 2820.826084
0.032606347783344 2958.464344
0.032805719561367 3106.68783
0.033005091339391 3293.9159
0.033204463144626 3536.648161
0.033403834922649 3853.931951
0.033603206700673 4178.55564
0.033802578478697 4426.322707
0.03400195025672 4564.142948
0.034201322034744 4633.32604
0.034400693812767 4692.50018
0.034600065590791 4775.149863
0.034799437396026 4869.810288
0.03499880917405 5045.482568
0.035198180952073 5243.902466
0.035397552730097 5457.699755
0.03559692450812 5548.50825
0.035796296286144 5578.656428
0.035995668064168 5470.317101
0.036195039842191 5265.800841
0.036394411620215 4889.615882
0.03659378342545 4509.609323
0.036793155203473 4172.277297
0.036992526981497 3917.958916
0.037191898759521 3737.646123
0.037391270537544 3568.070205
0.037590642315568 3466.555164
0.037790014093591 3327.673367
0.037989385871615 3221.548141
0.03818875767685 3112.056268
0.038388129454874 3032.439602
0.038587501232897 2968.958579
0.038786873010921 2882.911919
0.038986244788944 2815.791278
0.039185616566968 2737.145176
0.039384988344992 2705.268179
0.039584360123015 2641.180554
0.03978373192825 2602.084979
0.039983103706274 2528.413024
0.040182475484297 2486.769716
0.040381847262321 2426.321709
0.040581219040345 2385.345665
0.040780590818368 2331.994915
0.040979962596392 2285.438122
0.041179334374415 2233.239919
0.04137870617965 2193.234439
0.041578077957674 2157.353861
0.041777449735698 2123.293093
0.041976821513721 2083.863887
0.042176193291745 2027.08583
0.042375565069768 1969.337207
0.042574936847792 1928.148852
0.042774308625816 1905.522553
0.042973680431051 1894.118414
0.043173052209074 1876.617912
0.043372423987098 1833.640077
0.043571795765121 1790.722903
0.043771167543145 1775.466833
0.043970539321169 1915.440515
0.044169911099192 2214.071258
0.044369282877216 2673.603493
0.044568654682451 3266.770408
0.044768026460474 3970.521081
0.044967398238498 4668.448364
0.045166770016522 5148.938739
0.045366141794545 5319.727863
0.045565513572569 5282.209457
0.045764885350592 5173.172536
0.045964257128616 5082.333711
0.04616362890664 5011.785761
0.046363000711875 4990.645641
0.046562372489898 4976.299476
0.046761744267922 5003.626949
0.046961116045945 5010.117603
0.047160487823969 5084.365831
0.047359859601993 5166.151104
0.047559231380016 5253.244155
0.04775860315804 5339.21499
0.047957974963275 5372.59333
0.048157346741298 5461.384869
0.048356718519322 5545.293254
0.048556090297346 5695.791501
0.048755462075369 5832.155895
0.048954833853393 5969.157222
0.049154205631416 6094.93639
0.04935357740944 6266.8174
0.049552949214675 6468.361305
0.049752320992699 6752.494232
0.049951692770722 7038.477299
0.050151064548746 7352.394442
0.050350436326769 7645.292785
0.050549808104793 7959.027947
0.050749179882817 8332.452861
0.05094855166084 8674.850023
0.051147923466075 8841.180614
0.051347295244099 8705.68063
0.051546667022122 8324.203058
0.051746038800146 8013.971029
0.05194541057817 7792.849007
0.052144782356193 7701.054782
0.052344154134217 7440.321572
0.05254352591224 7115.455242
0.052742897717475 6737.632454
0.052942269495499 6459.292587
0.053141641273523 6267.878956
0.053341013051546 6139.976676
0.05354038482957 6063.726657
0.053739756607593 5949.290968
0.053939128385617 5813.229876
0.054138500163641 5574.288885
0.054337871941664 5166.742542
0.054537243746899 4499.752021
0.054736615524923 3693.485411
0.054935987302946 3022.339659
0.05513535908097 2669.812224
0.055334730858994 2569.874351
0.055534102637017 2582.704008
0.055733474415041 2608.696954
0.055932846193064 2661.4411
0.056132217998299 2737.054186
0.056331589776323 2836.810078
0.056530961554347 2982.789132
0.05673033333237 3148.027837
0.056929705110394 3260.613386
0.057129076888417 3234.529449
0.057328448666441 3083.212287
0.057527820444465 2900.776382
0.0577271922497 2750.308465
0.057926564027723 2634.113627
0.058125935805747 2526.289912
0.05832530758377 2416.221766
0.058524679361794 2327.293741
0.058724051139818 2238.183734
0.058923422917841 2160.235226
0.059122794695865 2061.085938
0.0593221665011 1965.515607
0.059521538279124 1865.335093
0.059720910057147 1753.507798
0.059920281835171 1627.728629
0.060119653613194 1481.870896
0.060319025391218 1344.839239
0.060518397169241 1198.951175
0.060717768947265 1039.050578
0.0609171407525 847.2123242
0.061116512530524 683.9450797
0.061315884308547 598.3837019
0.061515256086571 638.2072003
0.061714627864594 738.5090353
0.061913999642618 883.0322417
0.062113371420642 1011.207493
0.062312743198665 1154.911785
0.0625121150039 1274.867563
0.062711486781924 1387.483442
0.062910858559947 1489.908388
0.063110230337971 1583.84089
0.063309602115995 1688.085645
0.063508973894018 1761.939582
0.063708345672042 1849.41176
0.063907717450065 1905.219252
0.064107089228089 1972.491544
0.064306461033324 2011.647779
0.064505832811348 2048.802223
0.064705204589371 2087.594496
0.064904576367395 2117.409042
0.065103948145418 2150.256604
0.065303319923442 2164.299468
0.065502691701466 2179.464547
0.065702063479489 2199.11849
0.065901435284724 2199.876744
0.066100807062748 2199.846414
0.066300178840771 2183.377138
0.066499550618795 2184.741995
0.066698922396819 2164.981896
0.066898294174842 2125.689176
0.067097665952866 2042.781687
0.067297037730889 1944.618128
0.067496409536124 1839.660614
0.067695781314148 1753.234826
0.067895153092172 1687.509372
0.068094524870195 1633.734001
0.068293896648219 1597.24682
0.068493268426242 1568.948782
0.068692640204266 1543.86574
0.06889201198229 1507.044928
0.069091383787525 1468.859258
0.069290755565548 1443.078623
0.069490127343572 1427.27661
0.069689499121595 1407.380026
0.069888870899619 1375.988312
0.070088242677643 1326.641144
0.070287614455666 1275.747137
0.07048698623369 1234.649772
0.070686358038925 1218.483797
0.070885729816948 1215.420451
0.071085101594972 1204.592585
0.071284473372996 1186.606801
0.071483845151019 1148.057169
0.071683216929043 1131.10261
0.071882588707066 1122.761816
0.07208196048509 1135.257842
0.072281332263114 1131.587893
0.072480704068349 1109.841169
0.072680075846372 1100.105188
0.072879447624396 1092.522648
0.073078819402419 1105.170324
0.073278191180443 1090.156896
0.073477562958467 1076.296013
0.07367693473649 1075.355778
0.073876306514514 1099.862547
0.074075678319749 1125.582521
0.074275050097772 1117.818001
0.074474421875796 1115.84654
0.07467379365382 1123.975023
0.074873165431843 1165.588001
0.075072537209867 1196.373112
0.07527190898789 1240.715804
0.075471280765914 1285.270807
0.075670652571149 1312.022007
0.075870024349173 1311.931017
0.076069396127196 1279.144115
0.07626876790522 1262.401867
0.076468139683243 1241.83802
0.076667511461267 1235.529347
0.076866883239291 1216.96729
0.077066255017314 1199.982401
0.077265626822549 1185.666566
0.077464998600573 1182.572889
0.077664370378596 1185.969867
0.07786374215662 1172.988559
0.078063113934644 1147.632547
0.078262485712667 1129.677093
0.078461857490691 1124.824267
0.078661229268714 1118.212293
0.078860601073949 1086.668928
0.079059972851973 1022.12635
0.079259344629997 949.9405719
0.07945871640802 864.6521655
0.079658088186044 807.5101464
0.079857459964067 754.6143496
0.080056831742091 715.1851432
0.080256203520115 671.2670734
0.08045557532535 627.9556067
0.080654947103373 594.2284701
0.080854318881397 558.8028447
0.08105369065942 536.2372066
0.081253062437444 511.0025145
0.081452434215468 491.4698923
0.081651805993491 456.2869082
0.081851177771515 432.9933463
0.082050549549538 399.508851
0.082249921354773 381.6747177
0.082449293132797 350.4953145
0.082648664910821 328.2936383
0.082848036688844 296.2649906
0.083047408466868 267.3906795
0.083246780244891 239.7295747
0.083446152022915 213.039035
0.083645523800939 181.3743493
0.083844895606174 138.5481651
0.084044267384197 91.23311751
0.084243639162221 46.58712383
0.084443010940244 17.10620953
0.084642382718268 2.790374605
